6665171831
6906739787
6980798356
6152008253
6407126406
6521623628
1124180983
6601361694
736132008
6737848503
1249828052
1384467067
7427007694
7459873821
6440886157
7378176946
1657896702
6657779118
6130477216
7198878799
6365127673
6938987889
5758316892
5351080480
6076467301
2020053682
6596417849
6163575697
1958520938
6218844084
6034177119
5707984719
6355688805
6327471681
6030348820
6008425938
1253865524
6192215497
1153401634
1840766299
1715896790
5648865406
966178076
1905905133
968408718
1483627734
5092811559
915680851
2122880839
7005514158
7109769245
6618985136
7007923512
918402350
400753764
546292062
